0.14280224
0.2556274
0.5131508
0.31839138
0.21893871
0.07773101
0.9959178
0.27912855
0.09064031
0.11943936
0.7741283
0.75519156
0.27082503
0.8853914
0.6644989
0.8121038
0.57493484
0.92505443
0.45636016
0.13093907
0.5915044
0.54425746
0.17339134
0.6879335
0.19853014
0.07017791
0.4821757
0.7534348
0.85529125
0.02239567
0.7494465
0.6154639
0.72933364
0.39807308
0.7273994
0.3528849
0.27914232
0.28409004
0.37762827
0.20935369
0.9908966
0.65715
0.70935315
0.14553738
0.2536196
0.50160205
0.19386208
0.07202762
0.0035486221
0.86850584
0.28139567
0.27891237
0.32499892
0.2623154
0.4255457
0.7752015
0.62241614
0.21455514
0.70448005
0.7798249
0.55810094
0.023474455
0.19156063
0.9628898
0.9322727
0.35948563
0.58190656
0.9391171
0.96534246
0.5043438
0.35399294
0.97920066
0.96361935
0.5776886
0.01631409
0.16770953
0.18601608
0.4695562
0.78876156
0.659732
0.8992552
0.20963311
0.26052403
0.88191885
0.8110249
0.5911815
0.7130844
0.50818324
0.97802323
0.26030195
0.75701195
0.3425939
0.9704634
0.89518315
0.13976735
0.21117616
0.5882912
0.26850182
0.6811968
0.28728974
0.15354359
0.42473602
0.28118265
0.08633846
0.7040128
0.5461249
0.90640074
0.015350342
0.1913886
0.29683757
0.5307624
0.7991476
0.60378814
0.7135377
0.2674926
0.86597574
0.2662109
0.13300806
0.2565838
0.32840323
0.33629304
0.9588756
0.79496187
0.20614088
0.3527466
0.2977367
0.30216008
0.3355114
0.38923723
0.97693914
0.18107241
0.05337262
0.6372077
0.65266806
0.40465343
0.48232788
0.5648149
0.44965678
0.12915295
0.8144797
0.21308553
0.2852872
0.23147959
0.03913194
0.67106974
0.6141682
0.31910354
0.7425468
0.32797772
0.20656079
0.96695656
0.59454095
0.7442725
0.20637482
0.9515744
0.050684094
0.42828232
0.82756567
0.9544248
0.2123161
0.07735407
0.70314497
0.25192642
0.32332903
0.1209684
0.8308121
0.9386965
0.118350565
0.48726004
0.54443604
0.010700941
0.3562606
0.9971808
0.5657873
0.8462621
0.74622434
0.6880336
0.08102411
0.8997622
0.2923004
0.2925552
0.19642246
0.047200024
0.19680089
0.22300327
0.696136
0.9875974
0.3698371
0.89517283
0.46369565
0.8554987
0.6869551
0.35870934
0.73301107
0.84875315
0.3920157
0.646362
0.17028826
0.34572017
0.85592484
0.28790998
0.36578804
0.7605369
0.26840442
0.37776154
0.8092723
0.87950444
0.06385344
0.7146902
0.34615004
0.16937721
0.36184126
0.6327804
0.3511036
0.6965389
0.19886607
0.15270263
0.8577617
0.87972194
0.9756782
0.7607759
0.23672587
0.52649367
0.5201073
0.12642169
0.59413713
0.028557658
0.07718301
0.6370127
0.99410284
0.89223874
0.53136486
0.1772368
0.3122211
0.20949334
0.032486677
0.259098
0.46669346
0.9817313
0.4152221
0.01673454
0.38352406
0.93685895
0.6378837
0.876011
0.8905114
0.5490109
0.60684574
0.8753738
0.32621706
0.27525115
0.8729055
0.88447064
0.6666757
0.66344875
0.023372471
0.30348027
0.6438099
0.65344536
0.94903874
0.6729999
0.7867719
0.98912793
0.15113115
0.89801615
0.9471806
0.8049885
0.041638076
0.29791552
0.6899013
0.28243917
0.6308399
0.7874024
0.9119658
0.11973679
0.37946254
0.7559331
0.8282611
0.9549272
0.23504204
0.077518344
0.12354821
0.9713603
0.66126305
0.22401214
0.83192384
0.31497818
0.41324234
0.820286
0.40675873
0.34866303
0.12220532
0.4894442
0.9443605
0.3745423
0.3889072
0.033557415
0.7461853
0.5140016
0.9808871
0.5995772
0.39979124
0.7330182
0.29602712
0.012300074
0.03549558
0.08302975
0.7256607
0.14459223
0.50311875
0.6188732
0.11574906
0.82073575
0.31995654
0.24593008
0.30500454
0.32114226
0.6172767
0.94488186
0.17911065
0.5045749
0.45310438
0.54549205
0.9493886
0.73853534
0.60479057
0.04245788
0.5815587
0.24498105
0.5101239
0.9471288
0.3377483
0.27806252
0.4357723
0.49003905
0.5586586
0.99999297
0.716185
0.74611586
0.23339832
0.7326637
0.41074508
0.892446
0.67195565
0.95647246
0.8677427
0.39563727
0.6989203
0.5853984
0.8397533
0.53990585
0.0916388
0.8460743
0.66273075
0.9608011
0.6684961
0.90635675
0.89265215
0.7235702
0.86391175
0.76131344
0.12847239
0.9248134
0.9986297
0.7457793
0.314538
0.808455
0.5560948
0.53846836
0.021897852
0.07228154
0.8038972
0.5755491
0.97398704
0.7882023
0.21690434
0.9938291
0.4698254
0.458829
0.074816704
0.48518163
0.389911
0.8558405
0.42451024
0.27710575
0.45928478
0.5693208
0.846142
0.35596168
0.12466735
0.12299949
0.7520794
0.43602902
0.24004108
0.94991827
0.19950384
0.7193371
0.6447092
0.74262565
0.6626667
0.23163003
0.71846855
0.012029648
0.8583526
0.3792464
0.89694774
0.077121556
0.17443258
0.80028063
0.18815315
0.17206389
0.6952211
0.11587393
0.971988
0.6912717
0.4096325
0.44360495
0.1969949
0.78901863
0.2231785
0.860089
0.40141326
0.9423979
0.3924073
0.3246627
0.46509534
0.22534668
0.05616945
0.9326791
0.4194814
0.28705096
0.2118966
0.15215969
0.057923734
0.9245303
0.4161225
0.9839714
0.15440851
0.015935779
0.89660615
0.8383078
0.8680081
0.6505309
0.63103265
0.08787662
0.7990996
0.59432274
0.3829046
0.58674
0.9258346
0.009369135
0.85726476
0.30692577
0.5900755
0.9806296
0.4777007
0.9349687
0.9984933
0.26257807
0.75131226
0.35286665
0.45366943
0.90308404
0.46863586
0.25536996
0.9906849
0.8420318
0.6966754
0.39374107
0.08062351
0.70763826
0.65713334
0.5570116
0.4401238
0.5306162
0.5110621
0.28860754
0.15319234
0.5811164
0.5978531
0.645052
0.74516654
0.7843472
0.9555164
0.57666034
0.6605333
0.46534032
0.6734115
0.044148147
0.8569212
0.7299547
0.5319878
0.18395776
0.84970033
0.8723832
0.82758856
0.9147364
0.7514372
0.38845634
0.5466592
0.24453783
0.9385603
0.7572877
0.714965
0.32782966
0.71231616
0.6413624
0.088742554
0.29941702
0.12532002
0.82193786
0.20799905
0.7337769
0.6616445
0.9527249
0.7730086
0.6869216
0.22797751
0.081207216
0.64405674
0.17663848
0.92328113
0.6661318
0.3227591
0.79094225
0.52968544
0.0043262243
0.64839137
0.35842192
0.86831135
0.83023596
0.52487475
0.83751094
0.8898496
0.042365134
0.45211703
0.6066242
0.35805297
0.28168166
0.393081
0.15979177
0.23424387
0.112194836
0.27139223
0.53346825
0.7819421
0.21244293
0.40354186
0.32285154
0.42199373
0.21345973
0.17562103
0.27098954
0.6261284
0.84780264
0.18457156
0.820153
0.2095555
0.8543732
0.30721778
0.5327612
0.6620308
0.3551134
0.24695963
0.6613471
0.5386597
0.14700031
0.02000308
0.8098507
0.9408424
0.50328624
0.022497058
0.5940814
0.9436006
0.8244283
0.7553953
0.7625635
0.6806586
0.81389546
0.20371991
0.9033953
0.6047833
0.29680878
0.72704494
0.4307676
0.5167178
0.054149926
0.35568267
0.72841084
0.6923309
0.2863465
0.74231
0.14377451
0.592977
0.56468624
0.6416574
0.98686314
0.89233017
0.33932728
0.85447586
0.17277014
0.8740253
0.26222765
0.5594298
0.7363053
0.62009424
0.61737597
0.58254445
0.556241
0.3703658
0.8961424
0.42695475
0.59799135
0.6055421
0.19704098
0.37524253
0.39644742
0.4468655
0.5199627
0.3042636
0.8811734
0.7534307
0.6734957
0.26734793
0.71105236
0.019801438
0.13563377
0.7246518
0.9400693
0.34290898
0.09464735
0.64262974
0.29106164
0.29066086
0.45815468
0.6708311
0.8432231
0.99224573
0.6416183
0.090266705
0.97408617
0.8500178
0.42417717
0.81035835
0.92376393
0.9576792
0.049825907
0.07880843
0.5406598
0.13037747
0.721133
0.7856507
0.44022018
0.52476
0.89766276
0.4701773
0.72535866
0.89180815
0.10222685
0.60891527
0.577595
0.5912279
0.5209477
0.21881872
0.56164587
0.7241163
0.49736714
0.09561217
0.18147725
0.2883858
0.6038731
0.9700276
0.86606264
0.7130471
0.028328419
0.55052185
0.07943076
0.50560266
0.2170456
0.46648794
0.21633732
0.37944984
0.42212772
0.90321654
0.962649
0.29590255
0.7676902
0.86623764
0.5999432
0.72993946
0.8397629
0.20836568
0.79805636
0.1788317
0.019352973
0.2014203
0.7891221
0.9373913
0.8647477
0.636334
0.21766675
0.78935105
0.26127177
0.88080305
0.5969496
0.24150294
0.12938619
0.5841735
0.8446306
0.57623345
0.37214088
0.8243465
0.96342736
0.7026473
0.8670595
0.47979534
0.8440213
0.4227041
0.3111217
0.83386457
0.7199741
0.22516799
0.3038544
0.45770544
0.1343025
0.15382999
0.2833901
0.022058249
0.9662082
0.91318846
0.6902384
0.83208644
0.014341354
0.14532441
0.37054718
0.2523666
0.31303084
0.6760538
0.39999092
0.36239827
0.36955273
0.976133
0.6255409
0.25780588
0.70160705
0.04936534
0.44371337
0.3712681
0.90816635
0.5980753
0.9227103
0.98157895
0.21086085
0.6835443
0.54402244
0.45122898
0.60715425
0.3987823
0.43246025
0.3893236
0.79805887
0.47721606
0.15842074
0.07123542
0.7412789
0.75217414
0.11312187
0.33184272
0.49397057
0.61544174
0.100293934
0.07453835
0.9878522
0.9443624
0.78838664
0.60860485
0.01510793
0.5628823
0.58622855
0.7132231
0.9079993
0.6840967
0.98022264
0.6862643
0.08770037
0.23120612
0.61008626
0.6932891
0.38344437
0.14677787
0.8661303
0.07692832
0.057761967
0.373385
0.18447107
0.25314307
0.4470213
0.38080734
0.93841964
0.4595012
0.3035162
0.29473305
0.036182165
0.28324556
0.45698947
0.039258778
0.9494437
0.86840886
0.34701478
0.42361748
0.41951442
0.2607252
0.22531658
0.97935075
0.375624
0.6919399
0.96318007
0.5956985
0.8212093
0.2998485
0.7599165
0.47566462
0.2356832
0.32203972
0.93430007
0.848887
0.85574144
0.6706847
0.3219766
0.584366
0.7172718
0.6687447
0.26167524
0.5354981
0.5452779
0.47383422
0.1054734
0.0066633224
0.6675145
0.617477
0.8101473
0.79524195
0.5782242
0.96836966
0.3612293
0.7533939
0.6079505
0.82125354
0.2689098
0.18768471
0.36415654
0.7629594
0.8895996
0.22050476
0.36782664
0.50966287
0.74283946
0.6854839
0.109589994
0.69452375
0.0723843
0.38849396
0.86242414
0.13437754
0.07041252
0.496073
0.18776882
0.0239259
0.43750858
0.58108526
0.2883826
0.6388614
0.38767892
0.16909248
0.111979246
0.6576788
0.32194245
0.70453674
0.0735085
0.50869375
0.09315956
0.492742
0.56896186
0.97848487
0.6006189
0.9958938
0.1747194
0.6080584
0.6743101
0.49386865
0.9969198
0.020332277
0.6735586
0.044688344
0.36975813
0.79811484
0.56898177
0.18338978
0.4546042
0.43541354
0.44498128
0.2977231
0.0029747486
0.04397267
0.780295
0.14392102
0.4926359
0.81799895
0.40860033
0.09279108
0.31441814
0.16957408
0.34162664
0.11041826
0.5143325
0.32473886
0.54632425
0.3725149
0.79047775
0.03673172
0.35105777
0.39931953
0.8023173
0.022776961
0.64714146
0.33972573
0.2421357
0.78410125
0.6334658
0.28880423
0.32532835
0.8688291
0.8175598
0.99148667
0.41996235
0.55277145
0.38713062
0.25679785
0.6546804
0.34068274
0.8919445
0.2774436
0.7953145
0.036726296
0.06254178
0.21178824
0.9390613
0.73333806
0.5446777
0.78178906
0.8887106
0.9715068
0.24418658
0.19292337
0.07001978
0.24848688
0.67377037
0.37541837
0.4392082
0.49074554
0.2765262
0.99556756
0.2237925
0.95135665
0.3694837
0.5830194
0.71323454
0.6285118
0.227772
0.8032105
0.59416044
0.3979271
0.06524032
0.064872086
0.0916307
0.77701056
0.8701042
0.25370526
0.73096126
0.09324318
0.83361906
0.1890449
0.9032619
0.79180837
0.021314085
0.87095237
0.66614556
0.10203922
0.9201992
0.36301768
0.6540291
0.7962801
0.33120412
0.49000514
0.4871981
0.024511337
0.4594605
0.51693094
0.6678949
0.30952942
